7.121807429939508438e-03
1.448919437825679779e-02
2.492632530629634857e-02
3.708251565694808960e-02
5.329076573252677917e-02
7.391945272684097290e-02
8.951374888420104980e-02
1.096512749791145325e-01
1.307711154222488403e-01
1.507858484983444214e-01
1.660117805004119873e-01
1.870088428258895874e-01
2.037082463502883911e-01
2.208988219499588013e-01
2.247053086757659912e-01
2.404223978519439697e-01
2.539292871952056885e-01
2.554027438163757324e-01
2.756630778312683105e-01
2.856090366840362549e-01
2.989931106567382812e-01
3.100441992282867432e-01
3.198673725128173828e-01
3.219548165798187256e-01
3.251473605632781982e-01
3.346021473407745361e-01
3.433202505111694336e-01
3.517927229404449463e-01
3.645628690719604492e-01
3.725441992282867432e-01
3.774558007717132568e-01
3.924361467361450195e-01
3.874017596244812012e-01
4.020137488842010498e-01
4.074164927005767822e-01
4.083988070487976074e-01
4.233791828155517578e-01
4.239931106567382812e-01
4.254665970802307129e-01
4.335707128047943115e-01
4.463408589363098145e-01
4.351669847965240479e-01
4.306237697601318359e-01
4.539538323879241943e-01
4.494106173515319824e-01
4.502701461315155029e-01
4.602161049842834473e-01
4.706532359123229980e-01
4.669695496559143066e-01
4.728634655475616455e-01
4.808447957038879395e-01
4.841601252555847168e-01
4.922642409801483154e-01
4.845284819602966309e-01
4.920186698436737061e-01
4.915274977684020996e-01
4.928781986236572266e-01
4.981581568717956543e-01
5.076129436492919922e-01
5.087180733680725098e-01
5.083497166633605957e-01
5.052799582481384277e-01
5.110510587692260742e-01
5.222249627113342285e-01
5.142436027526855469e-01
5.291011929512023926e-01
5.300834774971008301e-01
5.294695496559143066e-01
5.304518938064575195e-01
5.294695496559143066e-01
5.973722934722900391e-01
6.916748285293579102e-01
7.530697584152221680e-01
7.932220101356506348e-01
8.246561884880065918e-01
8.511787652969360352e-01
8.683693408966064453e-01
8.916994333267211914e-01
9.187131524085998535e-01
9.319744706153869629e-01
9.387279152870178223e-01
9.453585743904113770e-01
9.489194750785827637e-01
9.538310170173645020e-01
9.603388905525207520e-01
9.608300328254699707e-01
9.679518938064575195e-01
9.751964807510375977e-01
9.734774231910705566e-01
9.759331941604614258e-01
9.780206084251403809e-01
9.826866388320922852e-01
9.815815091133117676e-01
9.828094244003295898e-01
9.823182821273803711e-01
9.842829108238220215e-01
9.867386817932128906e-01
9.868614673614501953e-01
9.891945123672485352e-01
9.883349537849426270e-01
9.887033104896545410e-01
