5.414414948236731639e+00
5.220951411016797827e+00
5.083530307987115471e+00
4.867342117024779924e+00
4.634067841737818050e+00
4.408390677982322536e+00
4.226901676893702664e+00
4.067137028707268342e+00
3.907431419799744621e+00
3.777079149407347458e+00
3.634655394113836646e+00
3.512658484089819400e+00
3.426758697318656122e+00
3.309406183557566550e+00
3.256671089086176529e+00
3.142033866908554796e+00
3.073798008658328751e+00
3.025011819331725693e+00
2.953323784417862363e+00
2.893325541951567548e+00
2.818734299223174755e+00
2.771398085507990494e+00
2.712195477925958276e+00
2.688038089420565768e+00
2.643621057798914098e+00
2.595480024697504273e+00
2.551807199339501064e+00
2.515143380183836541e+00
2.463269740518746254e+00
2.428694266701493909e+00
2.410296097954036210e+00
2.375105208170203319e+00
2.345030501221392782e+00
2.260886308018022817e+00
2.281681755905301312e+00
2.255805475304309304e+00
2.227314268910346229e+00
2.185713123713120432e+00
2.186506680046411244e+00
2.158139089001653854e+00
2.099235809153798371e+00
2.117188182701530419e+00
2.106651092325071861e+00
2.048157935760812620e+00
2.054206532438986432e+00
2.033755430069794201e+00
2.003354907035827637e+00
1.981236259923234266e+00
1.970999755301972023e+00
1.968646884432944333e+00
1.934465513131004899e+00
1.934131593858797515e+00
1.901408639193049588e+00
1.894943217280337322e+00
1.865558527541769429e+00
1.891713926974823101e+00
1.883098454161570956e+00
1.847661247773348503e+00
1.811861940474781774e+00
1.802040433953927767e+00
1.804483504449923004e+00
1.813999193356407247e+00
1.772785899447083313e+00
1.755860996855265421e+00
1.760322498080772569e+00
1.732774892349842721e+00
1.730654965098105569e+00
1.717395564896184501e+00
1.725257915925885843e+00
1.708209010613222167e+00
1.435638270584211451e+00
1.035439417498050796e+00
8.158016351796321119e-01
6.734371317627387832e-01
5.575602889822133257e-01
4.791308742140973909e-01
4.213078303046685624e-01
3.466213234939954368e-01
2.614010903318293444e-01
2.220187679826042260e-01
1.969177642387058003e-01
1.751805632603894436e-01
1.693082044563440913e-01
1.526147913689082924e-01
1.322870242166056531e-01
1.304664865588084921e-01
1.071520083078891378e-01
9.126349363003972981e-02
8.490904598050405538e-02
8.564222417748944272e-02
7.779667076443400053e-02
6.979432985349420804e-02
6.924864366236152535e-02
6.315011937173049816e-02
5.806727266608790322e-02
5.566982278272816775e-02
5.014010349072219735e-02
4.895210033088230606e-02
4.417944482613669899e-02
4.592457727468728101e-02
4.110464313930204533e-02
