4.999999873689375818e-05
4.999999873689375818e-05
4.999999873689375818e-05
4.999999873689375818e-05
4.999999873689375818e-05
4.999999873689375818e-05
4.999999873689375818e-05
4.999999873689375818e-05
2.499999936844687909e-05
2.499999936844687909e-05
2.499999936844687909e-05
2.499999936844687909e-05
2.499999936844687909e-05
2.499999936844687909e-05
2.499999936844687909e-05
2.499999936844687909e-05
1.249999968422343954e-05
1.249999968422343954e-05
1.249999968422343954e-05
1.249999968422343954e-05
1.249999968422343954e-05
1.249999968422343954e-05
1.249999968422343954e-05
1.249999968422343954e-05
6.249999842111719772e-06
6.249999842111719772e-06
6.249999842111719772e-06
6.249999842111719772e-06
6.249999842111719772e-06
6.249999842111719772e-06
6.249999842111719772e-06
